$ bal run logging_with_context.bal
time=2023-09-04T13:38:09.181+05:30 level=INFO module="" message="info log" current_time="2023-09-04T08:08:09.184211Z"
time=2023-09-04T13:38:09.194+05:30 level=INFO module="" message="info log" percentage=15.125095844268799
